25 5.39499
25.5 4.1924
26 3.24746
26.5 2.49565
27 1.69261
27.5 1.60026
28 2.29851
28.5 2.27023
29 1.74532
29.5 2.17073
30 1.99118
30.5 1.56245
31 1.57907
31.5 1.69587
32 1.79851
32.5 1.87727
33 2.30949
33.5 3.47663
34 4.46081
34.5 3.65849
35 3.37078
35.5 3.50312
36 2.40811
36.5 2.01181
37 2.70939
37.5 3.16503
38 2.74048
38.5 3.00645
39 4.19237
39.5 4.64606
40 3.76769
40.5 2.40849
41 1.91335
41.5 2.05099
42 2.45308
42.5 2.57153
43 2.26212
43.5 1.70603
44 1.41085
44.5 1.75633
45 2.62953
45.5 3.40595
46 3.89437
46.5 3.67654
47 2.77383
47.5 1.72528
48 1.45959
48.5 1.6051
49 1.87695
49.5 2.27656
50 2.34978
50.5 2.09278
51 1.95679
51.5 1.71264
52 1.54743
52.5 1.84249
53 2.50252
53.5 2.83077
54 2.55469
54.5 1.96117
55 1.61977
55.5 1.89585
56 2.8256
56.5 3.67195
57 3.91244
57.5 3.7747
58 3.7712
58.5 3.87738
59 4.07669
59.5 3.72257
60 2.96556
60.5 2.23524
61 2.12774
61.5 2.17108
62 1.86468
62.5 1.49608
