25 2.50781
25.5 2.50781
26 2.50781
26.5 2.50781
27 2.50781
27.5 2.50781
28 2.5
28.5 2.49219
29 2.49219
29.5 2.49219
30 2.49219
30.5 2.49219
31 2.5
31.5 2.50781
32 2.50781
32.5 2.50781
33 2.50781
33.5 2.50781
34 2.50781
34.5 2.50781
35 2.51562
35.5 2.52344
36 2.52344
36.5 2.52344
37 2.52344
37.5 2.52344
38 2.53906
38.5 2.53906
39 2.53906
39.5 2.53906
40 2.53906
40.5 2.53906
41 2.55469
41.5 2.55469
42 2.55469
42.5 2.55469
43 2.55469
43.5 2.55469
44 2.55469
44.5 2.55469
45 2.53906
45.5 2.53906
46 2.53906
46.5 2.53125
47 2.52344
47.5 2.52344
48 2.50781
48.5 2.5
49 2.49219
49.5 2.47656
50 2.46094
50.5 2.46094
51 2.44531
51.5 2.42969
52 2.41406
52.5 2.39844
53 2.38281
53.5 2.36719
54 2.35156
54.5 2.33594
55 2.32031
55.5 2.30469
56 2.28906
56.5 2.27344
57 2.25781
57.5 2.24219
58 2.22656
58.5 2.21094
59 2.19531
59.5 2.17969
60 2.16406
60.5 2.14844
61 2.14062
61.5 2.13281
62 2.11719
62.5 2.10156
