15 0.368261
15.5 0.288935
16 0.248007
16.5 0.214178
17 0.197007
17.5 0.201493
18 0.298758
18.5 0.292946
19 0.22763
19.5 0.197805
20 0.18
20.5 0.18
21 0.168631
21.5 0.143838
22 0.161752
22.5 0.156253
23 0.100116
23.5 0.0960527
24 0.100373
24.5 0.126771
25 0.117835
25.5 0.0876037
26 0.0834885
26.5 0.0789943
27 0.0760683
27.5 0.0745047
28 0.0713819
28.5 0.0730665
29 0.0693125
29.5 0.0690846
30 0.0699048
30.5 0.0683769
31 0.0668548
31.5 0.067886
32 0.0676274
32.5 0.0656664
33 0.0663862
33.5 0.0681731
34 0.0681634
34.5 0.0721988
35 0.0840716
35.5 0.103068
36 0.100475
36.5 0.0870594
37 0.0723474
37.5 0.0686701
38 0.0666894
38.5 0.0643939
39 0.0652764
39.5 0.0632323
40 0.064959
40.5 0.0644494
41 0.0679675
41.5 0.0767572
42 0.077244
42.5 0.0674965
43 0.0637493
43.5 0.0601904
44 0.0630929
44.5 0.0645845
45 0.0682241
45.5 0.0721473
46 0.0736051
46.5 0.0638846
47 0.0641759
47.5 0.0632675
48 0.0715745
48.5 0.0894443
49 0.102589
49.5 0.100105
50 0.0844728
50.5 0.0714034
51 0.064156
51.5 0.0585524
52 0.0605216
52.5 0.0664121
53 0.0697979
53.5 0.0652169
54 0.0595089
54.5 0.0576018
55 0.0559725
55.5 0.0536557
56 0.054707
56.5 0.059447
57 0.0579916
57.5 0.0526533
58 0.048603
58.5 0.0471375
59 0.0435471
59.5 0.040373
60 0.0381376
60.5 0.0398487
61 0.0407005
61.5 0.0435525
62 0.049989
62.5 0.0539994
