15 0.36077
15.5 0.277008
16 0.233474
16.5 0.199465
17 0.179363
17.5 0.160617
18 0.151246
18.5 0.144946
19 0.130711
19.5 0.122294
20 0.113726
20.5 0.108113
21 0.10453
21.5 0.099651
22 0.0965695
22.5 0.0960388
23 0.0916072
23.5 0.0894328
24 0.0896712
24.5 0.0866913
25 0.0841635
25.5 0.0822931
26 0.0826829
26.5 0.0808104
27 0.0798716
27.5 0.0794904
28 0.0779961
28.5 0.0788234
29 0.0776487
29.5 0.0765694
30 0.078124
30.5 0.0767421
31 0.0763873
31.5 0.0779676
32 0.0784466
32.5 0.0755604
33 0.0768084
33.5 0.0776559
34 0.0788408
34.5 0.0788367
35 0.0781404
35.5 0.078264
36 0.0796896
36.5 0.078766
37 0.0791593
37.5 0.0794823
38 0.0819595
38.5 0.0805523
39 0.079844
39.5 0.0796437
40 0.0807169
40.5 0.0810019
41 0.0808753
41.5 0.0812148
42 0.0829863
42.5 0.0807878
43 0.0824751
43.5 0.080928
44 0.0811956
44.5 0.0819876
45 0.0814816
45.5 0.0809987
46 0.0824413
46.5 0.0807359
47 0.080492
47.5 0.0794342
48 0.0778321
48.5 0.0775383
49 0.0766757
49.5 0.0753504
50 0.0752342
50.5 0.0725322
51 0.0719709
51.5 0.0713302
52 0.06955
52.5 0.0680341
53 0.0674792
53.5 0.0659484
54 0.0654424
54.5 0.0636546
55 0.0628483
55.5 0.0604826
56 0.0583839
56.5 0.0581761
57 0.0566556
57.5 0.0549313
58 0.0533596
58.5 0.0524043
59 0.0497753
59.5 0.0485833
60 0.0480066
60.5 0.0455812
61 0.0443178
61.5 0.0423123
62 0.0403382
62.5 0.0393359
