20 0.0978293
20.5 0.0980843
21 0.0945051
21.5 0.0952534
22 0.0915021
22.5 0.0904209
23 0.0902985
23.5 0.0875551
24 0.0870333
24.5 0.0863994
25 0.0858003
25.5 0.084495
26 0.0835735
26.5 0.0833297
27 0.0843892
27.5 0.0826428
28 0.0823811
28.5 0.0814237
29 0.0837236
29.5 0.0819625
30 0.0825191
30.5 0.0821132
31 0.0819489
31.5 0.0829492
32 0.0824822
32.5 0.0812821
33 0.0823737
33.5 0.0826052
34 0.0811431
34.5 0.081896
35 0.0833248
35.5 0.0817473
36 0.0820027
36.5 0.081407
37 0.0830956
37.5 0.0829398
38 0.0816989
38.5 0.0820206
39 0.0814772
39.5 0.0822808
40 0.0816346
40.5 0.0826968
41 0.0835729
41.5 0.0804875
42 0.0823187
42.5 0.0798718
43 0.0811111
43.5 0.0798152
44 0.07782
44.5 0.0787673
45 0.0788726
45.5 0.0776572
46 0.0762414
46.5 0.0766386
47 0.076251
47.5 0.0735693
48 0.0750379
48.5 0.0740993
49 0.0728086
49.5 0.0718944
50 0.0708864
50.5 0.0693376
51 0.0680681
51.5 0.0678027
52 0.0668067
52.5 0.0654454
53 0.0644803
53.5 0.0637736
54 0.0620492
54.5 0.0621051
55 0.0597704
55.5 0.0576597
56 0.0573913
56.5 0.0572832
57 0.055877
57.5 0.0548544
58 0.0531462
58.5 0.0506071
59 0.0502983
59.5 0.0491498
60 0.048247
60.5 0.0468662
61 0.046091
61.5 0.0452308
62 0.0425277
62.5 0.042616
