15 0.7442506969211585
16 0.6566663895497513
17 0.5811077197479685
18 0.5534602414523052
19 0.5035064974615833
20 0.4795990864424137
21 0.47100601677658127
22 0.4476289460310483
23 0.4227034343685093
24 0.42218637561447875
25 0.4132939787566491
26 0.4076498878927779
27 0.3935629180804426
28 0.40428395116308474
29 0.4
30 0.38865242199873296
31 0.4
32 0.3883507853589222
33 0.38
34 0.3833906372066816
35 0.3781599998005363
36 0.3766611213140901
37 0.38
38 0.38
39 0.36170877042441385
40 0.36995071003325114
41 0.35545848892220955
42 0.3534508989743439
43 0.35245205879120944
44 0.33866235962832847
45 0.32468586847667286
46 0.3204147713267829
47 0.32
48 0.3
49 0.28
50 0.28
51 0.24
52 0.25
53 0.23
54 0.25
55 0.19
56 0.19
57 0.17
58 0.17
59 0.17
60 0.15
61 0.15
62 0.13
